

// Gridskipper
//notes:Falouts agro godroll PVP
https://destinytracker.com/destiny-2/db/items/1621558458-gridskipper?perks=878286503,839105230,1885400500,2946784966,2458213969,4248210736,2323986101,518224747,0,2285418970
https://destinytracker.com/destiny-2/db/items/1621558458-gridskipper?perks=878286503,3250034553,1885400500,2946784966,2458213969,4248210736,2323986101,518224747,0,2285418970
https://destinytracker.com/destiny-2/db/items/1621558458-gridskipper?perks=878286503,1482024992,1885400500,2946784966,2458213969,4248210736,2323986101,518224747,0,2285418970
https://destinytracker.com/destiny-2/db/items/1621558458-gridskipper?perks=878286503,839105230,1561002382,2946784966,2458213969,4248210736,2323986101,518224747,0,2285418970
https://destinytracker.com/destiny-2/db/items/1621558458-gridskipper?perks=878286503,3250034553,1561002382,2946784966,2458213969,4248210736,2323986101,518224747,0,2285418970
https://destinytracker.com/destiny-2/db/items/1621558458-gridskipper?perks=878286503,1482024992,1561002382,2946784966,2458213969,4248210736,2323986101,518224747,0,2285418970


// Gridskipper
//notes:Falouts Allrounder PVP
https://destinytracker.com/destiny-2/db/items/1621558458-gridskipper?perks=878286503,839105230,1885400500,588594999,957782887,4248210736,2323986101,518224747,0,2285418970
https://destinytracker.com/destiny-2/db/items/1621558458-gridskipper?perks=878286503,3250034553,1885400500,588594999,957782887,4248210736,2323986101,518224747,0,2285418970
https://destinytracker.com/destiny-2/db/items/1621558458-gridskipper?perks=878286503,1482024992,1885400500,588594999,957782887,4248210736,2323986101,518224747,0,2285418970
https://destinytracker.com/destiny-2/db/items/1621558458-gridskipper?perks=878286503,839105230,1561002382,588594999,957782887,4248210736,2323986101,518224747,0,2285418970
https://destinytracker.com/destiny-2/db/items/1621558458-gridskipper?perks=878286503,3250034553,1561002382,588594999,957782887,4248210736,2323986101,518224747,0,2285418970
https://destinytracker.com/destiny-2/db/items/1621558458-gridskipper?perks=878286503,1482024992,1561002382,588594999,957782887,4248210736,2323986101,518224747,0,2285418970

// Gridskipper
//notes:Me (??? PvE ???): High lv PvE|tags:PvE
dimwishlist:item=1621558458&perks=839105230,1087426260,588594999,4104185692,684616255
dimwishlist:item=1621558458&perks=3250034553,1087426260,588594999,4104185692,684616255
dimwishlist:item=1621558458&perks=1482024992,1087426260,588594999,4104185692,684616255
dimwishlist:item=1621558458&perks=839105230,1968497646,588594999,4104185692,684616255
dimwishlist:item=1621558458&perks=3250034553,1968497646,588594999,4104185692,684616255
dimwishlist:item=1621558458&perks=1482024992,1968497646,588594999,4104185692,684616255
dimwishlist:item=1621558458&perks=839105230,679225683,588594999,4104185692,684616255
dimwishlist:item=1621558458&perks=3250034553,679225683,588594999,4104185692,684616255
dimwishlist:item=1621558458&perks=1482024992,679225683,588594999,4104185692,684616255
dimwishlist:item=1621558458&perks=839105230,1087426260,588594999,4104185692,2697220197
dimwishlist:item=1621558458&perks=3250034553,1087426260,588594999,4104185692,2697220197
dimwishlist:item=1621558458&perks=1482024992,1087426260,588594999,4104185692,2697220197
dimwishlist:item=1621558458&perks=839105230,1968497646,588594999,4104185692,2697220197
dimwishlist:item=1621558458&perks=3250034553,1968497646,588594999,4104185692,2697220197
dimwishlist:item=1621558458&perks=1482024992,1968497646,588594999,4104185692,2697220197
dimwishlist:item=1621558458&perks=839105230,679225683,588594999,4104185692,2697220197
dimwishlist:item=1621558458&perks=3250034553,679225683,588594999,4104185692,2697220197
dimwishlist:item=1621558458&perks=1482024992,679225683,588594999,4104185692,2697220197

// Gridskipper
//notes:Me (??? PvE ???): Low lv PvE|tags:PvE
dimwishlist:item=1621558458&perks=839105230,1087426260,2450788523,4104185692,684616255
dimwishlist:item=1621558458&perks=3250034553,1087426260,2450788523,4104185692,684616255
dimwishlist:item=1621558458&perks=1482024992,1087426260,2450788523,4104185692,684616255
dimwishlist:item=1621558458&perks=839105230,1968497646,2450788523,4104185692,684616255
dimwishlist:item=1621558458&perks=3250034553,1968497646,2450788523,4104185692,684616255
dimwishlist:item=1621558458&perks=1482024992,1968497646,2450788523,4104185692,684616255
dimwishlist:item=1621558458&perks=839105230,679225683,2450788523,4104185692,684616255
dimwishlist:item=1621558458&perks=3250034553,679225683,2450788523,4104185692,684616255
dimwishlist:item=1621558458&perks=1482024992,679225683,2450788523,4104185692,684616255
dimwishlist:item=1621558458&perks=839105230,1087426260,1570042021,4104185692,684616255
dimwishlist:item=1621558458&perks=3250034553,1087426260,1570042021,4104185692,684616255
dimwishlist:item=1621558458&perks=1482024992,1087426260,1570042021,4104185692,684616255
dimwishlist:item=1621558458&perks=839105230,1968497646,1570042021,4104185692,684616255
dimwishlist:item=1621558458&perks=3250034553,1968497646,1570042021,4104185692,684616255
dimwishlist:item=1621558458&perks=1482024992,1968497646,1570042021,4104185692,684616255
dimwishlist:item=1621558458&perks=839105230,679225683,1570042021,4104185692,684616255
dimwishlist:item=1621558458&perks=3250034553,679225683,1570042021,4104185692,684616255
dimwishlist:item=1621558458&perks=1482024992,679225683,1570042021,4104185692,684616255
dimwishlist:item=1621558458&perks=839105230,1087426260,2450788523,4104185692,2697220197
dimwishlist:item=1621558458&perks=3250034553,1087426260,2450788523,4104185692,2697220197
dimwishlist:item=1621558458&perks=1482024992,1087426260,2450788523,4104185692,2697220197
dimwishlist:item=1621558458&perks=839105230,1968497646,2450788523,4104185692,2697220197
dimwishlist:item=1621558458&perks=3250034553,1968497646,2450788523,4104185692,2697220197
dimwishlist:item=1621558458&perks=1482024992,1968497646,2450788523,4104185692,2697220197
dimwishlist:item=1621558458&perks=839105230,679225683,2450788523,4104185692,2697220197
dimwishlist:item=1621558458&perks=3250034553,679225683,2450788523,4104185692,2697220197
dimwishlist:item=1621558458&perks=1482024992,679225683,2450788523,4104185692,2697220197
dimwishlist:item=1621558458&perks=839105230,1087426260,1570042021,4104185692,2697220197
dimwishlist:item=1621558458&perks=3250034553,1087426260,1570042021,4104185692,2697220197
dimwishlist:item=1621558458&perks=1482024992,1087426260,1570042021,4104185692,2697220197
dimwishlist:item=1621558458&perks=839105230,1968497646,1570042021,4104185692,2697220197
dimwishlist:item=1621558458&perks=3250034553,1968497646,1570042021,4104185692,2697220197
dimwishlist:item=1621558458&perks=1482024992,1968497646,1570042021,4104185692,2697220197
dimwishlist:item=1621558458&perks=839105230,679225683,1570042021,4104185692,2697220197
dimwishlist:item=1621558458&perks=3250034553,679225683,1570042021,4104185692,2697220197
dimwishlist:item=1621558458&perks=1482024992,679225683,1570042021,4104185692,2697220197

// Gridskipper
//notes:Me (??? PvE ???): Multikill Clip fun|tags:PvE
dimwishlist:item=1621558458&perks=839105230,679225683,2946784966,2458213969,178753455
dimwishlist:item=1621558458&perks=3250034553,679225683,2946784966,2458213969,178753455
dimwishlist:item=1621558458&perks=1482024992,679225683,2946784966,2458213969,178753455
dimwishlist:item=1621558458&perks=839105230,113230963543,2946784966,2458213969,178753455
dimwishlist:item=1621558458&perks=3250034553,113230963543,2946784966,2458213969,178753455
dimwishlist:item=1621558458&perks=1482024992,113230963543,2946784966,2458213969,178753455
dimwishlist:item=1621558458&perks=839105230,679225683,2946784966,2458213969,758092021
dimwishlist:item=1621558458&perks=3250034553,679225683,2946784966,2458213969,758092021
dimwishlist:item=1621558458&perks=1482024992,679225683,2946784966,2458213969,758092021
dimwishlist:item=1621558458&perks=839105230,113230963543,2946784966,2458213969,758092021
dimwishlist:item=1621558458&perks=3250034553,113230963543,2946784966,2458213969,758092021
dimwishlist:item=1621558458&perks=1482024992,113230963543,2946784966,2458213969,758092021

// SEVENTH SERAPH CARBINE
//notes:Me (??? PvE ???): My Sevent Seraph Carbine|tags:PvE
dimwishlist:item=1561006927&perks=2467967826,1431678320,4136687020,2691069460,684616255
dimwishlist:item=1561006927&perks=3661387068,1431678320,4136687020,2691069460,684616255
dimwishlist:item=1561006927&perks=2467967826,1431678320,1354429876,2691069460,684616255
dimwishlist:item=1561006927&perks=3661387068,1431678320,1354429876,2691069460,684616255
dimwishlist:item=1561006927&perks=2467967826,1431678320,4136687020,1546637391,684616255
dimwishlist:item=1561006927&perks=3661387068,1431678320,4136687020,1546637391,684616255
dimwishlist:item=1561006927&perks=2467967826,1431678320,1354429876,1546637391,684616255
dimwishlist:item=1561006927&perks=3661387068,1431678320,1354429876,1546637391,684616255
dimwishlist:item=1561006927&perks=2467967826,1431678320,4136687020,2691069460,2697220197
dimwishlist:item=1561006927&perks=3661387068,1431678320,4136687020,2691069460,2697220197
dimwishlist:item=1561006927&perks=2467967826,1431678320,1354429876,2691069460,2697220197
dimwishlist:item=1561006927&perks=3661387068,1431678320,1354429876,2691069460,2697220197
dimwishlist:item=1561006927&perks=2467967826,1431678320,4136687020,1546637391,2697220197
dimwishlist:item=1561006927&perks=3661387068,1431678320,4136687020,1546637391,2697220197
dimwishlist:item=1561006927&perks=2467967826,1431678320,1354429876,1546637391,2697220197
dimwishlist:item=1561006927&perks=3661387068,1431678320,1354429876,1546637391,2697220197

Test v2








